# This file may be used to create an environment using:
# $ conda create --name <env> --file <this file>
# platform: win-64
aom=3.12.1=h00a0c3c_0
brotlicffi=1.2.0.0=py311h885b0b7_0
bzip2=1.0.8=h2bbff1b_6
ca-certificates=2025.12.2=haa95532_0
cairo=1.18.4=he9e932c_0
certifi=2026.01.04=py311haa95532_0
cffi=2.0.0=py311h02ab6af_1
charset-normalizer=3.4.4=py311haa95532_0
dav1d=1.2.1=h2bbff1b_0
django=2.2.28=pypi_0
expat=2.7.4=hd7fb8db_0
fontconfig=2.15.0=hd211d86_0
freeglut=3.8.0=hfcef157_0
freetype=2.14.1=hfbffc0b_0
fribidi=1.0.16=haf45083_0
graphite2=1.3.14=hd77b12b_1
harfbuzz=12.3.0=h3ef6528_1
icu=73.1=h6c2663c_0
idna=3.11=py311haa95532_0
jpeg=9f=ha349fce_0
lcms2=2.17=h3732fa5_0
lerc=4.0.0=h5da7b33_0
libavif=1.3.0=h5bd13ec_0
libdeflate=1.22=h5bf469e_0
libexpat=2.7.4=hd7fb8db_0
libffi=3.4.4=hd77b12b_1
libglib=2.86.3=h9bccc14_0
libiconv=1.18=hc89ec93_0
libopenjpeg=2.5.4=h02ab6af_1
libpng=1.6.55=h2854ad3_0
libtiff=4.7.1=h3a18249_0
libwebp-base=1.6.0=hbf3958f_0
libxml2=2.13.9=h6201b9f_0
libzlib=1.3.1=h02ab6af_0
lz4-c=1.9.4=h2bbff1b_1
openssl=3.5.5=hbb43b14_0
packaging=25.0=py311haa95532_1
pcre2=10.46=h5740b90_0
pillow=12.1.1=py311h9f28578_0
pip=26.0.1=pyhc872135_0
pixman=0.46.4=h4043f72_0
pycparser=2.23=py311haa95532_0
pysocks=1.7.1=py311haa95532_1
python=3.11.14=h981015d_0
pytz=2026.1.post1=pypi_0
requests=2.32.5=py311haa95532_1
setuptools=80.10.2=py311haa95532_0
sqlite=3.51.1=hda9a48d_0
sqlparse=0.5.5=pypi_0
tk=8.6.15=hf199647_0
tzdata=2026a=he532380_0
ucrt=10.0.22621.0=haa95532_0
urllib3=2.6.3=py311haa95532_0
vc=14.42=haa95532_5
vc14_runtime=14.44.35208=h4927774_10
vs2015_runtime=14.44.35208=ha6b5a95_10
wheel=0.46.3=py311haa95532_0
win_inet_pton=1.1.0=py311haa95532_1
xz=5.8.2=h53af0af_0
zlib=1.3.1=h02ab6af_0
zstd=1.5.7=h56299aa_0
